00df086c041d479a89e8b48cdf545f9f;5;0;0
02128fae2a4f4fb085f04e6ff98f9f28;6;2;1
0818626dedc44f839ae1a881ee87fc01;7;3;0
18a18a55c26942d792febea0221d6a40;4;0;0
47fd1d549767462bbf8bc9c6aa42b18b;6;0;0
5d053229c06f4159b43727763e1eaaa6;7;1;1
5fca32dbfeb342658cb0fc5f509d493d;5;1;1
703f18b4db924192bb45e60a4fd5f4e8;7;1;0
77b6cebba0f74e52859ab89c43effd6f;6;4;1
80ad9ed98a3a4a28a303307d2308c242;4;1;1
868b783fe8c34cceac01815421989d82;10;0;3
95e1fe39195d40029db3339b9545cd93;7;5;0
ae99d64b267c4f179769a9e87f980e0b;5;0;1
b10b0eac862f4f89beab908c4b1d358a;5;0;0
ba35454baa764a52bcbdb22e29677fcf;6;4;3
d33590f09c184840ab8a92f45f0654a1;7;3;1
d5e5e1b26d1243e6a8eb85233e4bddcb;5;1;0
ec59ac19dda44ced8cacdddc495dabf6;4;0;0
f93085d4873f4b29b5388e4bf0a8c5ad;5;1;0
