62d8d86a03a94d39b90bfd9ea4c2dd68;4;1;1
924575c8e9cb4d519480aa7746f041f0;1;1;1
b3fda93c4a834941833938476bb523a4;3;0;1
14b3d3f3a4ed4717a57f0a5e48bde2e2;11;9;3
38aa62c9e953448c9c19d4fbc812aee9;7;5;2
6671babac9f14ca7b1b77bbc521d5e9a;4;0;1
52bc5a4bca5b484f9cdcd7fe25ca53ef;3;1;0
4b078470e65346ac916e7064b4642054;4;1;2
34fa085d32834ea680d3f15267feeb05;5;4;1
a08315fc6cf94115a87cf54eea25f8f4;8;8;0
4a2f0738f6074e8a887911b6df66bf1c;2;2;0
bdff0479f7de44c599fdef74eda74f1b;1;1;0
548840a5bbc3406297d180c44bf3eb06;3;1;2
998df4d395ff49c3a28f2c412877b31b;2;2;0
15995d131e824f51829ed8fa7c66f0f3;4;4;2
f71f49062b4c487e8f018e1ddef86f25;9;9;2
a801c259109c4142af52627719d86276;5;4;0
dc84f1613615468ab4398116e65c44ec;8;8;6
41be73088c1f4ce9a49d1d6a1023c749;3;2;2
132e3541f4b54dcf8393b96a0f5f51f9;9;8;0
9af430c237cc437ab0b79524dbad39b9;4;3;2
fe871acee94849299e28e763aef8d24e;3;1;0
9e3afc26c7a9476689520604916c5f30;5;4;3
202b44fa40e54f37a5a21ec9e4ec4c83;3;3;3
41946e283fe849898a22f922d14a71a8;8;8;4
67706357ad0149cd971d0a099f3b2d02;5;4;4
701f744729bb486a911ed495843caed6;8;6;5
2f1a5bc4d3df4117b23ebf84ea0a1463;5;5;5
091b445f2f9a4ae0aa6da7638eaeb667;4;4;3
646e9e18024347b98cf1c5b104eed750;3;3;0
0f144113a1dc49d39fe5abc161401b72;5;5;5
387879d5980f48078bd5d731652fe342;10;6;4
35ce36436c2b4b5abb4b9b94277f529f;11;11;2
a763a82fe11048cd8d4b9cbe441fd891;9;9;0
48f450f9c4294c64a5fa84ae46464968;9;9;4
fd285252ade84584b9928947cacced7d;12;10;0
0dcc5dfa4708447aab039813d0512d52;7;5;4
ec25d658a1ae4ddab50ac1418073069c;6;6;3
e91a71a520844942a76276b4ed0b556b;7;7;7
dfe488d381a542dfa8557bd069421e4a;8;7;3
53c9cefc0b3a431aad137e38ea166eda;5;3;0
d48dbda9e97843108322c3305bc1c36e;4;4;2
98de8eb47db64553a3ed913ff2dc31be;1;1;1
3aa0351939404d60aac56efd34daa0a5;5;3;2
9be6136b9b434652b7d7234f03c81c0f;9;9;0
dfb552577a61440fb322909825f8522b;3;2;1